function [Node_information,Element_information]=Meshing
Node_information = [1,  0.200000003,           0.
      2,           1.,           0.
      3,           1.,           1.
      4,           0.,           1.
      5,           0.,  0.200000003
      6,  0.191388071, 0.0580569357
      7,  0.166293919,  0.111114047
      8,  0.111114047,  0.166293919
      9, 0.0580569357,  0.191388071
     10,  0.242857143,           0.
     11,  0.314285725,           0.
     12,  0.428571433,           0.
     13,   0.54285717,           0.
     14,  0.657142878,           0.
     15,  0.771428585,           0.
     16,  0.885714293,           0.
     17,           1.,        0.125
     18,           1.,         0.25
     19,           1.,        0.375
     20,           1.,          0.5
     21,           1.,        0.625
     22,           1.,         0.75
     23,           1.,        0.875
     24,        0.875,           1.
     25,         0.75,           1.
     26,        0.625,           1.
     27,          0.5,           1.
     28,        0.375,           1.
     29,         0.25,           1.
     30,        0.125,           1.
     31,           0.,  0.885714293
     32,           0.,  0.771428585
     33,           0.,  0.657142878
     34,           0.,   0.54285717
     35,           0.,  0.428571433
     36,           0.,  0.314285725
     37,           0.,  0.242857143
     38,  0.199036941, 0.0196034275
     39,  0.196157053, 0.0390180647
     40,  0.184775904, 0.0765366852
     41,  0.176384255, 0.0942793489
     42,  0.154602095,  0.126878664
     43,  0.141421363,  0.141421363
     44,  0.126878664,  0.154602095
     45, 0.0942793489,  0.176384255
     46, 0.0765366852,  0.184775904
     47, 0.0390180647,  0.196157053
     48, 0.0196034275,  0.199036941
     49,  0.174375713,  0.127888247
     50,  0.145702675,  0.160755634
     51,   0.18234998,   0.11033541
     52,  0.112299673,  0.185689777
     53,  0.206249788, 0.0646328777
     54,  0.216501459, 0.0355192982
     55, 0.0633763447,  0.206740305
     56, 0.0350921564,  0.216457143
     57,  0.160951078,  0.145377636
     58,  0.195309266, 0.0936470404
     59, 0.0917808786,  0.197718382
     60,  0.129553065,  0.173499271
     61,  0.200853884,  0.121924005
     62,    0.2234433, 0.0917010978
     63,  0.148869559,  0.182352751
     64, 0.0885091498,  0.225324646
     65,  0.166961163,  0.166887864
     66,  0.115240373,  0.208377019
     67,  0.184144244,  0.148184806
     68,  0.130527392,  0.192199513
     69,  0.237929761, 0.0543930531
     70, 0.0530875847,  0.238115042
     71,  0.191022545,  0.174182758
     72,  0.171380058,  0.192559928
     73,  0.146358669,  0.212216154
     74,  0.212859854,   0.15339829
     75,  0.121297583,  0.240440384
     76, 0.0869193077,  0.264932692
     77,  0.261352301, 0.0882956684
     78,  0.238017291,  0.124780059
     79,  0.273598194, 0.0449644625
     80,  0.043987453,  0.277332306
     81,  0.217495486,  0.185723841
     82,   0.19451049,  0.198696762
     83,  0.179892391,  0.221555322
     84,  0.248346105,  0.162643194
     85,  0.307063073, 0.0819896609
     86, 0.0776576102,  0.327906698
     87,  0.159235641,  0.250647187
     88,  0.280502677,  0.129214287
     89,  0.212909639,  0.219331309
     90,  0.250255108,  0.203110337
     91,  0.199370086,  0.254648209
     92,  0.290922314,  0.177051574
     93,  0.331500351,   0.14078182
     94,  0.243229553,  0.246996954
     95,   0.17698586,  0.285094351
     96,  0.289827079,  0.227071464
     97,  0.338600874,  0.200505331
     98,    0.1314165,  0.284017563
     99,  0.282704741,  0.277626306
    100,  0.390374213,  0.165790215
    101,  0.370696276,  0.085350275
    102,  0.334961057,  0.258189082
    103,  0.226444185,  0.297441363
    104,  0.323726296,  0.314088583
    105,  0.390765011,  0.234695807
    106,  0.274715275,  0.323383063
    107,  0.299460709,  0.367496401
    108,  0.381443739,  0.298603892
    109,  0.235905662,  0.358525097
    110,  0.452537835,  0.205444917
    111,  0.164204553,  0.335584819
    112,  0.444569379,   0.27788794
    113,  0.450223923,  0.118010007
    114,  0.184535399,  0.407122523
    115,  0.525955439,  0.168240935
    116,  0.513993263,  0.252381325
    117,  0.259209871,  0.420980871
    118,  0.110060997,  0.391414493
    119,  0.499678224,  0.328204781
    120,  0.593867838,  0.224290892
    121,  0.429521263,  0.347233027
    122,  0.122179851,  0.460449696
    123,  0.574985504,  0.306804538
    124,  0.556271076,  0.386686504
    125,  0.655694425,  0.288686454
    126,  0.208593935,  0.479803324
    127,   0.47973457,  0.403181553
    128,  0.536636233, 0.0692570955
    129,  0.634693623,  0.369645476
    130,  0.620107234,  0.128564849
    131,  0.332174242,  0.424052775
    132,    0.6891734,  0.205268577
    133,    0.3621898,  0.361368626
    134, 0.0987186208,  0.706838131
    135,  0.846518278,  0.104648001
    136,  0.729543865,   0.10604205
    137, 0.0864501745,  0.600663722
    138, 0.0724798962,    0.5153054
    139,  0.902319431,  0.195872292
    140,  0.887540579,  0.830573797
    141,  0.687514842,  0.890640557
    142,  0.213077411,  0.907915533
    143,  0.563061535,  0.893284559
    144,  0.438301504,  0.896083772
    145,  0.873554945,  0.303020507
    146,  0.317308605,  0.901674807
    147,   0.88918674,  0.693731785
    148,  0.893618822,   0.56266892
    149,  0.890175045,  0.436609924
    150,  0.125803977,  0.831945539
    151,  0.405176282,  0.417005867
    152,  0.153860301,    0.5420205
    153,    0.5357517,  0.465083987
    154,  0.617086649,  0.455084652
    155,  0.291061521,   0.48699671
    156,  0.704429448,  0.351913899
    157,  0.798038244,  0.200122505
    158,  0.194051623,  0.637517154
    159,  0.500081658,  0.793121696
    160,  0.789891362,  0.497548878
    161,  0.624220252,  0.785893083
    162,   0.37373355,  0.800539017
    163,  0.253309757,  0.814064741
    164,  0.781948566,  0.624090433
    165,  0.784765661,  0.384922028
    166,  0.762190163,  0.770740628
    167,  0.792449117,  0.898391008
    168,  0.456104845,   0.47659266
    169,  0.244530499,  0.552203834
    170,  0.373531163,  0.483713448
    171,   0.58788389,  0.521202326
    172,  0.702208698,   0.43441388
    173,  0.750942707,  0.288988978
    174,  0.431488574,  0.704507351
    175,   0.30118978,  0.704649746
    176,  0.676642597,  0.543276787
    177,  0.549405515,  0.694693625
    178,  0.194614753,  0.739003062
    179,  0.663425803,  0.669437706
    180,  0.512322485,  0.536684513
    181,  0.332962424,  0.550725281
    182,  0.422337383,  0.547239184
    183,  0.578807354,  0.596556187
    184,  0.478383482,  0.616892934
    185,  0.375698388,   0.62308687
    186,  0.289686531,  0.613636613];
