function [Node_information,Element_information, Gauss]=Meshing2
Node_information = [        1,           0., 0.0390000008
      2,           0.,           0.
      3, 0.0199999996,           0.
      4, 0.0199999996, 0.0799999982
      5,           0., 0.0799999982
      6,           0., 0.0410000011
      7, 0.00200000009, 0.0410000011
      8, 0.00200000009, 0.0390000008
      9,           0., 0.0379999988
     10,           0., 0.0368550457
     11,           0., 0.0355441272
     12,           0., 0.0340431891
     13,           0., 0.0323246792
     14,           0., 0.0303570703
     15,           0., 0.0281042475
     16,           0., 0.0255248714
     17,           0., 0.0225716047
     18,           0., 0.0191902537
     19,           0., 0.0153187625
     20,           0., 0.0108860852
     21,           0., 0.00581087731
     22, 0.00400000019,           0.
     23, 0.00800000038,           0.
     24, 0.0120000001,           0.
     25, 0.0160000008,           0.
     26, 0.0199999996, 0.00400000019
     27, 0.0199999996, 0.00800000038
     28, 0.0199999996, 0.0120000001
     29, 0.0199999996, 0.0160000008
     30, 0.0199999996, 0.0199999996
     31, 0.0199999996, 0.0240000002
     32, 0.0199999996, 0.0280000009
     33, 0.0199999996, 0.0320000015
     34, 0.0199999996, 0.0359999985
     35, 0.0199999996, 0.0399999991
     36, 0.0199999996, 0.0439999998
     37, 0.0199999996, 0.0480000004
     38, 0.0199999996, 0.0520000011
     39, 0.0199999996, 0.0560000017
     40, 0.0199999996, 0.0599999987
     41, 0.0199999996,  0.064000003
     42, 0.0199999996, 0.0680000037
     43, 0.0199999996, 0.0719999969
     44, 0.0199999996, 0.0759999976
     45, 0.0160000008, 0.0799999982
     46, 0.0120000001, 0.0799999982
     47, 0.00800000038, 0.0799999982
     48, 0.00400000019, 0.0799999982
     49,           0.,  0.074189119
     50,           0., 0.0691139176
     51,           0., 0.0646812394
     52,           0., 0.0608097464
     53,           0., 0.0574283935
     54,           0., 0.0544751287
     55,           0., 0.0518957525
     56,           0., 0.0496429279
     57,           0.,  0.047675319
     58,           0., 0.0459568128
     59,           0.,  0.044455871
     60,           0., 0.0431449525
     61,           0., 0.0419999994
     62, 0.00102168694, 0.0421366915
     63, 0.00102612376,  0.037862014
     64, 0.00158867182, 0.0451443009
     65, 0.00159032026, 0.0348552428
     66, 0.00164579984, 0.0331764184
     67, 0.00164723222, 0.0468274392
     68, 0.00181013951, 0.0313212276
     69, 0.00184907496, 0.0486953259
     70,  0.003591432, 0.0399970748
     71, 0.00194461248, 0.0292533766
     72, 0.0020749399, 0.0508203804
     73, 0.00146572629, 0.0364687629
     74, 0.00272420188, 0.0421510004
     75, 0.00273259403, 0.0378488265
     76, 0.00146732235, 0.0435326323
     77, 0.00300098211, 0.0459696054
     78, 0.00300329714, 0.0340570919
     79, 0.00346130482, 0.0324454792
     80, 0.00348198856, 0.0476064011
     81, 0.00377351767, 0.0304102357
     82, 0.00388557324, 0.0496243685
     83, 0.00226637162, 0.0269674063
     84, 0.00233188551, 0.0532075912
     85, 0.00479759509, 0.0339585356
     86, 0.00480719144, 0.0461251959
     87, 0.00348369568, 0.0358551592
     88, 0.00563818635, 0.0317880176
     89, 0.00560309086, 0.0482986681
     90, 0.00381757971, 0.0284338277
     91, 0.00433576433, 0.0517916977
     92, 0.00265579578, 0.0242087506
     93, 0.00485610031, 0.0378909968
     94, 0.00485032192, 0.0421029851
     95, 0.00348524237, 0.0441713221
     96, 0.00261513866, 0.0559370555
     97, 0.00292918272, 0.0590837263
     98, 0.00292630284, 0.0209640563
     99, 0.00726579921,  0.046442572
    100, 0.00717759598, 0.0337251835
    101, 0.00588143291, 0.0292248819
    102, 0.00611478183, 0.0399657115
    103, 0.00580266956, 0.0503274351
    104, 0.00516024139, 0.0262907818
    105, 0.00594259333, 0.0358168818
    106, 0.00598175172, 0.0442214012
    107, 0.00490973098, 0.0542677082
    108, 0.00550779095, 0.0571582206
    109, 0.00556064863, 0.0229538735
    110, 0.00323441299,  0.017396789
    111, 0.00732999714, 0.0421862751
    112, 0.00728818821, 0.0377248451
    113, 0.00769156404, 0.0550364554
    114, 0.00771890907, 0.0247648545
    115, 0.00825710036,  0.044328317
    116, 0.00805526786, 0.0356948003
    117, 0.00613257056, 0.0195800383
    118, 0.00618972816,  0.060466487
    119, 0.0100157866, 0.0425966457
    120, 0.00990745518, 0.0371469781
    121, 0.00883714575, 0.0399014391
    122, 0.0107489675, 0.0461100973
    123, 0.00991537236, 0.0341120996
    124, 0.00878584757, 0.0219486076
    125, 0.00679055462, 0.0522913076
    126, 0.00876871124,  0.058026731
    127, 0.00965695083, 0.0526849143
    128,   0.00824825, 0.0494557135
    129, 0.00862613134, 0.0309081282
    130, 0.0104211727, 0.0555404238
    131, 0.0108907139, 0.0250996053
    132, 0.00976077747, 0.0615716539
    133, 0.00953724235,  0.018294204
    134, 0.00667650998, 0.0159743149
    135, 0.0129138594, 0.0536111444
    136, 0.0127227362, 0.0314852633
    137, 0.00818503369, 0.0274695083
    138, 0.0131877251, 0.0583158731
    139, 0.0127911856, 0.0209686868
    140, 0.00698167924, 0.0641771778
    141, 0.0123604611, 0.0398273952
    142, 0.00333087379, 0.0626594573
    143, 0.0164680909, 0.00999068003
    144, 0.0169091821, 0.00659652473
    145, 0.00596763706, 0.00451144809
    146, 0.0105034551, 0.00394295948
    147, 0.00993660185, 0.0762299299
    148, 0.00576159777, 0.0757297948
    149, 0.0166167729, 0.0298114493
    150, 0.0167235378,  0.022286782
    151, 0.0168691743, 0.0260120612
    152, 0.0163497329, 0.0140955858
    153, 0.0164622404, 0.0182921998
    154, 0.0163402669, 0.0700000674
    155,  0.016317565, 0.0744788796
    156, 0.0165950917, 0.0462357402
    157, 0.0162815116, 0.0379428528
    158, 0.0159624927, 0.0423349775
    159, 0.0159547944, 0.0503165349
    160, 0.0164285246,  0.033822313
    161, 0.0167026184, 0.0615887418
    162,  0.016551381,  0.054728657
    163, 0.0172883458, 0.0581266545
    164, 0.0165283903, 0.0657344386
    165, 0.00979212485, 0.0149493748
    166,   0.01293601, 0.0357228182
    167, 0.0108219767, 0.0285049565
    168, 0.0126017919, 0.0431977361
    169, 0.0118859326, 0.0499631763
    170, 0.0141919767, 0.0243858825
    171,  0.010262385, 0.0650197566
    172, 0.00364948367, 0.0134916343
    173, 0.00385857141, 0.0667239875
    174, 0.0132229282, 0.0632870421
    175, 0.00761163561, 0.0122667411
    176, 0.0128577808, 0.0164111014
    177, 0.0147853056, 0.00364762964
    178,  0.013309245, 0.00736645237
    179, 0.0121948412, 0.0118906144
    180,  0.013821207, 0.0475490205
    181, 0.0128401667, 0.0674763471
    182, 0.00899151154, 0.00819040276
    183, 0.0081564188, 0.0727912933
    184,  0.013685558, 0.0275498703
    185, 0.0139459101, 0.0450855158
    186, 0.0083915852, 0.0685218796
    187, 0.0121861016, 0.0722981393
    188, 0.00437004492, 0.00919286534
    189, 0.0043613622,  0.071178332
    190, 0.0132880537, 0.0766013935];
