function [Node_information,Element_information]=Meshing
Node_information = [      1,           5.,           0.
      2,   4.39825678,           0.
      3,   3.86032605,           0.
      4,   3.37944007,           0.
      5,   2.94954967,           0.
      6,    2.5652473,           0.
      7,   2.22169852,           0.
      8,   1.91458142,           0.
      9,   1.64003253,           0.
     10,   1.39459836,           0.
     11,    1.1751914,           0.
     12,  0.979051411,           0.
     13,  0.803711236,           0.
     14,  0.646965027,           0.
     15,  0.506841004,           0.
     16,  0.381576538,           0.
     17,  0.269595742,           0.
     18,  0.169489995,           0.
     19, 0.0799999982,           0.
     20,           0.,           0.
     21,           5., -0.0799999982
     22,   4.39825678, -0.0799999982
     23,   3.86032605, -0.0799999982
     24,   3.37944007, -0.0799999982
     25,   2.94954967, -0.0799999982
     26,    2.5652473, -0.0799999982
     27,   2.22169852, -0.0799999982
     28,   1.91458142, -0.0799999982
     29,   1.64003253, -0.0799999982
     30,   1.39459836, -0.0799999982
     31,    1.1751914, -0.0799999982
     32,  0.979051411, -0.0799999982
     33,  0.803711236, -0.0799999982
     34,  0.646965027, -0.0799999982
     35,  0.506841004, -0.0799999982
     36,  0.381576538, -0.0799999982
     37,  0.269595742, -0.0799999982
     38,  0.169489995, -0.0799999982
     39, 0.0799999982, -0.0799999982
     40,           0., -0.0799999982
     41,           5., -0.172482908
     42,   4.39825678, -0.172482908
     43,   3.86032605, -0.172482908
     44,   3.37944007, -0.172482908
     45,   2.94954967, -0.172482908
     46,    2.5652473, -0.172482908
     47,   2.22169852, -0.172482908
     48,   1.91458142, -0.172482908
     49,   1.64003253, -0.172482908
     50,   1.39459836, -0.172482908
     51,    1.1751914, -0.172482908
     52,  0.979051411, -0.172482908
     53,  0.803711236, -0.172482908
     54,  0.646965027, -0.172482908
     55,  0.506841004, -0.172482908
     56,  0.381576538, -0.172482908
     57,  0.269595742, -0.172482908
     58,  0.169489995, -0.172482908
     59, 0.0799999982, -0.172482908
     60,           0., -0.172482908
     61,           5., -0.279396504
     62,   4.39825678, -0.279396504
     63,   3.86032605, -0.279396504
     64,   3.37944007, -0.279396504
     65,   2.94954967, -0.279396504
     66,    2.5652473, -0.279396504
     67,   2.22169852, -0.279396504
     68,   1.91458142, -0.279396504
     69,   1.64003253, -0.279396504
     70,   1.39459836, -0.279396504
     71,    1.1751914, -0.279396504
     72,  0.979051411, -0.279396504
     73,  0.803711236, -0.279396504
     74,  0.646965027, -0.279396504
     75,  0.506841004, -0.279396504
     76,  0.381576538, -0.279396504
     77,  0.269595742, -0.279396504
     78,  0.169489995, -0.279396504
     79, 0.0799999982, -0.279396504
     80,           0., -0.279396504
     81,           5., -0.402992517
     82,   4.39825678, -0.402992517
     83,   3.86032605, -0.402992517
     84,   3.37944007, -0.402992517
     85,   2.94954967, -0.402992517
     86,    2.5652473, -0.402992517
     87,   2.22169852, -0.402992517
     88,   1.91458142, -0.402992517
     89,   1.64003253, -0.402992517
     90,   1.39459836, -0.402992517
     91,    1.1751914, -0.402992517
     92,  0.979051411, -0.402992517
     93,  0.803711236, -0.402992517
     94,  0.646965027, -0.402992517
     95,  0.506841004, -0.402992517
     96,  0.381576538, -0.402992517
     97,  0.269595742, -0.402992517
     98,  0.169489995, -0.402992517
     99, 0.0799999982, -0.402992517
    100,           0., -0.402992517
    101,           5.,    -0.545874
    102,   4.39825678,    -0.545874
    103,   3.86032605,    -0.545874
    104,   3.37944007,    -0.545874
    105,   2.94954967,    -0.545874
    106,    2.5652473,    -0.545874
    107,   2.22169852,    -0.545874
    108,   1.91458142,    -0.545874
    109,   1.64003253,    -0.545874
    110,   1.39459836,    -0.545874
    111,    1.1751914,    -0.545874
    112,  0.979051411,    -0.545874
    113,  0.803711236,    -0.545874
    114,  0.646965027,    -0.545874
    115,  0.506841004,    -0.545874
    116,  0.381576538,    -0.545874
    117,  0.269595742,    -0.545874
    118,  0.169489995,    -0.545874
    119, 0.0799999982,    -0.545874
    120,           0.,    -0.545874
    121,           5., -0.711050212
    122,   4.39825678, -0.711050212
    123,   3.86032605, -0.711050212
    124,   3.37944007, -0.711050212
    125,   2.94954967, -0.711050212
    126,    2.5652473, -0.711050212
    127,   2.22169852, -0.711050212
    128,   1.91458142, -0.711050212
    129,   1.64003253, -0.711050212
    130,   1.39459836, -0.711050212
    131,    1.1751914, -0.711050212
    132,  0.979051411, -0.711050212
    133,  0.803711236, -0.711050212
    134,  0.646965027, -0.711050212
    135,  0.506841004, -0.711050212
    136,  0.381576538, -0.711050212
    137,  0.269595742, -0.711050212
    138,  0.169489995, -0.711050212
    139, 0.0799999982, -0.711050212
    140,           0., -0.711050212
    141,           5., -0.901999891
    142,   4.39825678, -0.901999891
    143,   3.86032605, -0.901999891
    144,   3.37944007, -0.901999891
    145,   2.94954967, -0.901999891
    146,    2.5652473, -0.901999891
    147,   2.22169852, -0.901999891
    148,   1.91458142, -0.901999891
    149,   1.64003253, -0.901999891
    150,   1.39459836, -0.901999891
    151,    1.1751914, -0.901999891
    152,  0.979051411, -0.901999891
    153,  0.803711236, -0.901999891
    154,  0.646965027, -0.901999891
    155,  0.506841004, -0.901999891
    156,  0.381576538, -0.901999891
    157,  0.269595742, -0.901999891
    158,  0.169489995, -0.901999891
    159, 0.0799999982, -0.901999891
    160,           0., -0.901999891
    161,           5.,  -1.12274468
    162,   4.39825678,  -1.12274468
    163,   3.86032605,  -1.12274468
    164,   3.37944007,  -1.12274468
    165,   2.94954967,  -1.12274468
    166,    2.5652473,  -1.12274468
    167,   2.22169852,  -1.12274468
    168,   1.91458142,  -1.12274468
    169,   1.64003253,  -1.12274468
    170,   1.39459836,  -1.12274468
    171,    1.1751914,  -1.12274468
    172,  0.979051411,  -1.12274468
    173,  0.803711236,  -1.12274468
    174,  0.646965027,  -1.12274468
    175,  0.506841004,  -1.12274468
    176,  0.381576538,  -1.12274468
    177,  0.269595742,  -1.12274468
    178,  0.169489995,  -1.12274468
    179, 0.0799999982,  -1.12274468
    180,           0.,  -1.12274468
    181,           5.,  -1.37793362
    182,   4.39825678,  -1.37793362
    183,   3.86032605,  -1.37793362
    184,   3.37944007,  -1.37793362
    185,   2.94954967,  -1.37793362
    186,    2.5652473,  -1.37793362
    187,   2.22169852,  -1.37793362
    188,   1.91458142,  -1.37793362
    189,   1.64003253,  -1.37793362
    190,   1.39459836,  -1.37793362
    191,    1.1751914,  -1.37793362
    192,  0.979051411,  -1.37793362
    193,  0.803711236,  -1.37793362
    194,  0.646965027,  -1.37793362
    195,  0.506841004,  -1.37793362
    196,  0.381576538,  -1.37793362
    197,  0.269595742,  -1.37793362
    198,  0.169489995,  -1.37793362
    199, 0.0799999982,  -1.37793362
    200,           0.,  -1.37793362
    201,           5.,  -1.67294133
    202,   4.39825678,  -1.67294133
    203,   3.86032605,  -1.67294133
    204,   3.37944007,  -1.67294133
    205,   2.94954967,  -1.67294133
    206,    2.5652473,  -1.67294133
    207,   2.22169852,  -1.67294133
    208,   1.91458142,  -1.67294133
    209,   1.64003253,  -1.67294133
    210,   1.39459836,  -1.67294133
    211,    1.1751914,  -1.67294133
    212,  0.979051411,  -1.67294133
    213,  0.803711236,  -1.67294133
